3.153676061782135619e-03 -7.544276863336563110e-02
3.153676061782135619e-03 -7.795630395412445068e-02
3.142763290711370582e-03 -8.073822408914566040e-02
3.132333785267816216e-03 -8.351305872201919556e-02
3.122387561865835881e-03 -8.627694845199584961e-02
3.112924637321877550e-03 -8.902594447135925293e-02
3.103945028839429857e-03 -9.175607562065124512e-02
3.095448753983119639e-03 -9.446333348751068115e-02
3.087435830661274493e-03 -9.714368730783462524e-02
3.079906277098501573e-03 -9.979310631752014160e-02
3.072860111813443661e-03 -1.024075523018836975e-01
3.066297353593100058e-03 -1.049830168485641479e-01
3.060218021464685464e-03 -1.075155138969421387e-01
3.054622134670296509e-03 -1.100011095404624939e-01
3.049509712636871983e-03 -1.124359071254730225e-01
3.044880774947422881e-03 -1.148161068558692932e-01
3.040735341311661798e-03 -1.171379685401916504e-01
3.037073431535056763e-03 -1.193978562951087952e-01
3.033895065488796238e-03 -1.215922459959983826e-01
3.031200263077175015e-03 -1.237177178263664246e-01
3.028989044206623765e-03 -1.257710009813308716e-01
3.027261428754850041e-03 -1.277489364147186279e-01
3.026017436537282220e-03 -1.296485662460327148e-01
3.025257087276080840e-03 -1.314670443534851074e-01
3.024980400568980359e-03 -1.332017481327056885e-01
3.025187395856245281e-03 -1.348501741886138916e-01
3.025878092391427916e-03 -1.364100426435470581e-01
3.027052509209041814e-03 -1.378792822360992432e-01
3.028710665095164702e-03 -1.392560005187988281e-01
3.030852578558325926e-03 -1.405385136604309082e-01
3.033478267799521750e-03 -1.417253464460372925e-01
3.036587750685560035e-03 -1.428152620792388916e-01
3.040181044721453844e-03 -1.438072025775909424e-01
3.044258167024344649e-03 -1.447003632783889771e-01
3.048819134299273013e-03 -1.454941481351852417e-01
3.053863962814699472e-03 -1.461881697177886963e-01
3.059392668380236761e-03 -1.467822492122650146e-01
3.065405266325842235e-03 -1.472764611244201660e-01
3.071901771481924063e-03 -1.476710587739944458e-01
3.078882198160004698e-03 -1.479665338993072510e-01
3.086346560137496076e-03 -1.481635421514511108e-01
3.094294870639712272e-03 -1.482629776000976562e-01
3.102727142329092525e-03 -1.482659131288528442e-01
3.111643387289573116e-03 -1.481735855340957642e-01
3.121043617017127056e-03 -1.479874402284622192e-01
3.130927842410782119e-03 -1.481530517339706421e-01
3.141296073763924241e-03 -2.626710236072540283e-01
3.152145163727689686e-03 -6.404886841773986816e-01
3.162656873049798055e-03 -1.051789999008178711e+00
3.170933545710725217e-03 -1.461585044860839844e+00
3.176729585924818310e-03 -1.872747063636779785e+00
3.180086594445156664e-03 -2.287980318069458008e+00
3.181062732378251486e-03 -2.709883451461791992e+00
3.179733073060748982e-03 -3.140949010848999023e+00
3.176190127951007171e-03 -3.583556652069091797e+00
3.170544539946657664e-03 -4.039956092834472656e+00
3.162925936646366828e-03 -4.512236595153808594e+00
3.153483934059383553e-03 -5.002285480499267578e+00
3.142389277931054679e-03 -5.511726856231689453e+00
3.129835104864232831e-03 -6.041844367980957031e+00
3.116038298477701116e-03 -6.593482017517089844e+00
3.101240906624860589e-03 -7.166922092437744141e+00
3.085711573900257708e-03 -7.761742115020751953e+00
3.069746929133653195e-03 -8.376646995544433594e+00
3.053672850290709700e-03 -9.009287834167480469e+00
3.037845509520940152e-03 -9.656071662902832031e+00
3.022652079919332675e-03 -1.031197357177734375e+01
3.008510964369843794e-03 -1.097037696838378906e+01
2.995871388150092140e-03 -1.162296485900878906e+01
2.985212184214157925e-03 -1.225968933105468750e+01
2.977039597718197320e-03 -1.285519123077392578e+01
2.971883949624725893e-03 -1.306127929687500000e+01
2.970219873784187004e-03 -1.287955570220947266e+01
2.970502966614085080e-03 -1.269496059417724609e+01
2.970547735078204500e-03 -1.253744697570800781e+01
2.970051894608992816e-03 -1.240941238403320312e+01
2.968843105013384796e-03 -1.231250286102294922e+01
2.966774537877657492e-03 -1.224813079833984375e+01
2.963724545330349500e-03 -1.221753692626953125e+01
2.959596374825024852e-03 -1.222183322906494141e+01
2.954317964468359051e-03 -1.226204109191894531e+01
2.947841846546011332e-03 -1.233911228179931641e+01
2.940145180743687723e-03 -1.245393848419189453e+01
2.931229932941405592e-03 -1.260734462738037109e+01
2.921123210140256620e-03 -1.280006599426269531e+01
2.909877756680464330e-03 -1.303270816802978516e+01
2.897572611105254676e-03 -1.330568599700927734e+01
2.884313916358444314e-03 -1.361913967132568359e+01
2.870235868029908863e-03 -1.397282600402832031e+01
2.855501775627257172e-03 -1.436598300933837891e+01
2.840305199883055420e-03 -1.479716491699218750e+01
2.824871114526608315e-03 -1.526405239105224609e+01
2.809457023552149393e-03 -1.576323413848876953e+01
2.794353944827373745e-03 -1.628998184204101562e+01
2.779887148436818809e-03 -1.683801269531250000e+01
2.766416514632371714e-03 -1.739928436279296875e+01
2.754336353674841174e-03 -1.796382713317871094e+01
2.744074511441737044e-03 -1.848874664306640625e+01
2.736090574710413857e-03 -1.849469757080078125e+01
2.730933187291990569e-03 -1.804895019531250000e+01
2.729839846707974096e-03 -1.752701759338378906e+01
2.733188683885571114e-03 -1.695118713378906250e+01
2.740461246555403289e-03 -1.633823585510253906e+01
2.751125149966725768e-03 -1.570365619659423828e+01
2.764662009986610693e-03 -1.506108474731445312e+01
2.780573026969231261e-03 -1.442210578918457031e+01
2.798383205901903373e-03 -1.379621601104736328e+01
2.817644306309612448e-03 -1.319093036651611328e+01
2.837936669521662174e-03 -1.261196231842041016e+01
2.858870098648346771e-03 -1.206345367431640625e+01
2.880083973479429741e-03 -1.154822826385498047e+01
2.901246774553113174e-03 -1.106803226470947266e+01
2.922055173434312276e-03 -1.062376022338867188e+01
2.942232824377349291e-03 -1.021565914154052734e+01
2.961528969350521023e-03 -9.843502998352050781e+00
2.979716946126525958e-03 -9.506736755371093750e+00
2.996592669096393487e-03 -9.204594612121582031e+00
3.011973135245464388e-03 -8.936203956604003906e+00
3.025694993566004423e-03 -8.700657844543457031e+00
3.037613204798729830e-03 -8.497076988220214844e+00
3.047599809682521345e-03 -8.324659347534179688e+00
3.055542817307353373e-03 -8.182720184326171875e+00
3.061345220466573855e-03 -8.070718765258789062e+00
3.064924141706759728e-03 -7.988284587860107422e+00
3.066210111751377452e-03 -7.935241222381591797e+00
3.065146480935335323e-03 -7.878870010375976562e+00
3.061688963968002986e-03 -7.699308395385742188e+00
3.056426374203881097e-03 -7.480323791503906250e+00
3.051949920280645941e-03 -7.252515316009521484e+00
3.048825039831096553e-03 -7.016013145446777344e+00
3.046896293933425669e-03 -6.772649765014648438e+00
3.046011791435984401e-03 -6.524119853973388672e+00
3.046023768434963364e-03 -6.271964073181152344e+00
3.046789065872990924e-03 -6.017562389373779297e+00
3.048169517951014856e-03 -5.762130260467529297e+00
3.050032256951494200e-03 -5.506716251373291016e+00
3.052249941275429930e-03 -5.252209186553955078e+00
3.054700914253499766e-03 -4.999343395233154297e+00
3.057269301696623025e-03 -4.748708248138427734e+00
3.059845056234297440e-03 -4.500755310058593750e+00
3.062323956348208566e-03 -4.255811691284179688e+00
3.064607567663911979e-03 -4.014089107513427734e+00
3.066603173601793308e-03 -3.775693416595458984e+00
3.068223681940944383e-03 -3.540637016296386719e+00
3.069387513257736903e-03 -3.308846235275268555e+00
3.070018476594846800e-03 -3.080169916152954102e+00
3.070045637126143055e-03 -2.854387760162353516e+00
3.069403180017024352e-03 -2.631216526031494141e+00
3.068030274163023249e-03 -2.410316467285156250e+00
3.065870939006059160e-03 -2.191294670104980469e+00
3.062873917232391847e-03 -1.973741173744201660e+00
3.058992555763770035e-03 -1.792908072471618652e+00
3.054184957037891796e-03 -1.716961503028869629e+00
3.048716784053471379e-03 -1.659446835517883301e+00
3.043452817415028770e-03 -1.600788593292236328e+00
3.038544620021060762e-03 -1.540962457656860352e+00
3.033983230546660834e-03 -1.480034708976745605e+00
3.029759961480781635e-03 -1.418071031570434570e+00
3.025866411028420386e-03 -1.355137109756469727e+00
3.022294474392735186e-03 -1.291297674179077148e+00
3.019036354435134135e-03 -1.226617097854614258e+00
3.016084571717972049e-03 -1.161159038543701172e+00
3.013431973919906970e-03 -1.094986081123352051e+00
3.011071744635052116e-03 -1.028160095214843750e+00
3.008997411557872217e-03 -9.607421755790710449e-01
3.007202854060743620e-03 -8.927922248840332031e-01
3.005682310169909693e-03 -8.243691325187683105e-01
3.004430382950218185e-03 -7.555309534072875977e-01
3.003442046309446559e-03 -6.863345503807067871e-01
3.002712650225660470e-03 -6.168359518051147461e-01
3.002237925418656684e-03 -5.470901131629943848e-01
3.002013987465836954e-03 -4.771510958671569824e-01
3.002037340378807106e-03 -4.070719778537750244e-01
3.002304879652556869e-03 -3.369050621986389160e-01
3.002813894789772235e-03 -2.667017877101898193e-01
3.003562071320794308e-03 -1.965128481388092041e-01
3.004547492320018293e-03 -1.263882815837860107e-01
3.005768639432132485e-03 -5.637742206454277039e-02
3.007224393413390155e-03 1.347090955823659897e-02
3.008914034196742780e-03 8.310841768980026245e-02
3.010837240490135333e-03 1.524872481822967529e-01
3.012994088904256528e-03 2.215598970651626587e-01
3.015385052626519662e-03 2.902791798114776611e-01
3.018010999637098148e-03 3.585981726646423340e-01
3.020873190470348569e-03 4.264701306819915771e-01
3.023973275529177711e-03 4.938484430313110352e-01
3.027313291947709723e-03 5.606865882873535156e-01
3.030895660005915402e-03 6.269381046295166016e-01
3.034723179098162103e-03 6.925565600395202637e-01
3.038799023248966568e-03 7.574954032897949219e-01
