2.892235780545348352e-03 -2.855132579803466797e+00
2.892235780545348352e-03 -3.076830625534057617e+00
2.913163289675127065e-03 -3.280988454818725586e+00
2.930884778308468375e-03 -3.493339776992797852e+00
2.945455173743874357e-03 -3.715530872344970703e+00
2.956934903077132644e-03 -3.949218511581420898e+00
2.965390393478853272e-03 -4.196090221405029297e+00
2.970894639226060504e-03 -4.457879543304443359e+00
2.973527840958360355e-03 -4.736378669738769531e+00
2.973378123222926699e-03 -5.033447265625000000e+00
2.970542336838921400e-03 -5.351015567779541016e+00
2.965126952848844318e-03 -5.691082477569580078e+00
2.957249054821183519e-03 -6.055708885192871094e+00
2.947037435850155453e-03 -6.446996688842773438e+00
2.934633805616591960e-03 -6.867063045501708984e+00
2.920194111211137609e-03 -7.317994594573974609e+00
2.903889972676134724e-03 -7.801788806915283203e+00
2.885910230223931710e-03 -8.320267677307128906e+00
2.866462594380829454e-03 -8.874970436096191406e+00
2.845775382416761926e-03 -9.467013359069824219e+00
2.824099313984672951e-03 -1.009691047668457031e+01
2.801709325259463777e-03 -1.076435756683349609e+01
2.778906343761907219e-03 -1.146798133850097656e+01
2.756018945181933424e-03 -1.220504379272460938e+01
2.733404788970566872e-03 -1.295090007781982422e+01
2.711451702103667444e-03 -1.333565235137939453e+01
2.690603169507896179e-03 -1.337140369415283203e+01
2.671652147696285378e-03 -1.336870002746582031e+01
2.654972739997726958e-03 -1.333814811706542969e+01
2.640446032065929625e-03 -1.328167343139648438e+01
2.627936246684109325e-03 -1.320153713226318359e+01
2.617305704193850259e-03 -1.310019874572753906e+01
2.608415804626583456e-03 -1.298025321960449219e+01
2.601127973076261882e-03 -1.284436130523681641e+01
2.595304552539446589e-03 -1.269519615173339844e+01
2.590809631731911047e-03 -1.253538990020751953e+01
2.587509798684761112e-03 -1.236749267578125000e+01
2.585274814264532789e-03 -1.219393444061279297e+01
2.583978202762728712e-03 -1.201700210571289062e+01
2.583497759436750602e-03 -1.183882141113281250e+01
2.583715977169667114e-03 -1.166134262084960938e+01
2.584520396267830054e-03 -1.148633956909179688e+01
2.585803882829433055e-03 -1.131540584564208984e+01
2.587464842105550913e-03 -1.114996528625488281e+01
2.589407373890117818e-03 -1.099127388000488281e+01
2.591541377265504584e-03 -1.084043502807617188e+01
2.593782612052683914e-03 -1.069840908050537109e+01
2.596052724141099249e-03 -1.056602573394775391e+01
2.598279241508906403e-03 -1.044260883331298828e+01
2.600395547319581720e-03 -1.030390357971191406e+01
2.602380502614449250e-03 -1.014512920379638672e+01
2.604835678712027775e-03 -9.981108665466308594e+00
2.608235384554530994e-03 -9.811618804931640625e+00
2.612520869782525203e-03 -9.637914657592773438e+00
2.617618277432935073e-03 -9.461237907409667969e+00
2.623455280691052230e-03 -9.282747268676757812e+00
2.629961281621020445e-03 -9.103510856628417969e+00
2.637067580805968307e-03 -8.924506187438964844e+00
2.644707519107600702e-03 -8.746619224548339844e+00
2.652816593055247821e-03 -8.570642471313476562e+00
2.661332545690041958e-03 -8.397281646728515625e+00
2.670195434842089627e-03 -8.227157592773437500e+00
2.679347680918696319e-03 -8.060811042785644531e+00
2.688734096353478063e-03 -7.898707389831542969e+00
2.698301898822140152e-03 -7.741242408752441406e+00
2.708000710287469370e-03 -7.588748455047607422e+00
2.717782543858609373e-03 -7.441500186920166016e+00
2.727601780313010458e-03 -7.299719810485839844e+00
2.737415136028027371e-03 -7.163583278656005859e+00
2.747181623906323755e-03 -7.033225059509277344e+00
2.756862508749913839e-03 -6.908744335174560547e+00
2.766421258399060206e-03 -6.790208339691162109e+00
2.775823491784015599e-03 -6.677657604217529297e+00
2.785036924947648269e-03 -6.571108818054199219e+00
2.794031315931139962e-03 -6.470561027526855469e+00
2.802778409317153215e-03 -6.375996112823486328e+00
2.811251881115346771e-03 -6.287384033203125000e+00
2.819427284575474948e-03 -6.204683780670166016e+00
2.827281997418101302e-03 -6.127846240997314453e+00
2.834795170913536992e-03 -6.056818008422851562e+00
2.841947681143879630e-03 -5.991540908813476562e+00
2.848722082749517888e-03 -5.931953907012939453e+00
2.855102565379834083e-03 -5.877995967864990234e+00
2.861074913054470047e-03 -5.829606533050537109e+00
2.866626466571860730e-03 -5.786725521087646484e+00
2.871746089080300535e-03 -5.749296188354492188e+00
2.876424134915871698e-03 -5.717263221740722656e+00
2.880652421746325402e-03 -5.690576553344726562e+00
2.884424206084860130e-03 -5.669188976287841797e+00
2.887734162193328520e-03 -5.653057098388671875e+00
2.890578364381495881e-03 -5.642142772674560547e+00
2.892954272718490250e-03 -5.636412143707275391e+00
2.894860722130351144e-03 -5.635835647583007812e+00
2.896297914877312731e-03 -5.640388488769531250e+00
2.897267416385440261e-03 -5.650050640106201172e+00
2.897772154390081296e-03 -5.664805412292480469e+00
2.897816421363051329e-03 -5.684639930725097656e+00
2.897405880165051118e-03 -5.709544658660888672e+00
2.896547572875785622e-03 -5.737919330596923828e+00
2.895249932732411619e-03 -5.746404170989990234e+00
2.893531701995170295e-03 -5.739198684692382812e+00
2.891537380736091539e-03 -5.734599590301513672e+00
2.889370925912000329e-03 -5.732955455780029297e+00
2.887029344874591282e-03 -5.734305381774902344e+00
2.884507693130737831e-03 -5.738692283630371094e+00
2.881801978887625279e-03 -5.746156215667724609e+00
2.878909164706449676e-03 -5.756735324859619141e+00
2.875827170038324637e-03 -5.770464897155761719e+00
2.872554874680819346e-03 -5.787379264831542969e+00
2.869092123198892664e-03 -5.807508468627929688e+00
2.865439730331039575e-03 -5.830882072448730469e+00
2.861599487397044859e-03 -5.857526302337646484e+00
2.857574169720600299e-03 -5.887464523315429688e+00
2.853367545059576349e-03 -5.920716762542724609e+00
2.848984383032643081e-03 -5.957300186157226562e+00
2.844430465519343781e-03 -5.997228145599365234e+00
2.839712597999880395e-03 -6.040509223937988281e+00
2.834838621777637305e-03 -6.087147712707519531e+00
2.829817427037666176e-03 -6.137141704559326172e+00
2.824658966651663085e-03 -6.190483570098876953e+00
2.819374270642023041e-03 -6.247158527374267578e+00
2.813975461200799583e-03 -6.307143688201904297e+00
2.808475768126874120e-03 -6.370408058166503906e+00
2.802889544540532706e-03 -6.436909675598144531e+00
2.797232282707982649e-03 -6.506596088409423828e+00
2.791520629778521893e-03 -6.579403400421142578e+00
2.785772403223812140e-03 -6.655252933502197266e+00
2.780006605739557702e-03 -6.734052181243896484e+00
2.774243439336267474e-03 -6.815692424774169922e+00
2.768504318330510146e-03 -6.900046825408935547e+00
2.762811880908138101e-03 -6.986969947814941406e+00
2.757189998906947343e-03 -7.076295375823974609e+00
2.751663785440678755e-03 -7.167834758758544922e+00
2.746259599943607840e-03 -7.261376857757568359e+00
2.741005050208649221e-03 -7.356685161590576172e+00
2.735928990948378794e-03 -7.453495979309082031e+00
2.731061518387493427e-03 -7.551519870758056641e+00
2.726433960390138838e-03 -7.650437831878662109e+00
2.722078861590231623e-03 -7.749902248382568359e+00
2.718029963003351385e-03 -7.849535942077636719e+00
2.714322175583414043e-03 -7.948931217193603516e+00
2.710991547205368526e-03 -8.047651290893554688e+00
2.708075222567569301e-03 -8.145230293273925781e+00
2.705611395537694738e-03 -8.241172790527343750e+00
2.703639253511931802e-03 -8.334959983825683594e+00
2.702198913409769102e-03 -8.426047325134277344e+00
2.701331348999197988e-03 -8.513866424560546875e+00
2.701078309337601093e-03 -8.597834587097167969e+00
2.701482228214504861e-03 -8.675882339477539062e+00
2.702586124596771146e-03 -8.701622962951660156e+00
2.704418745544722846e-03 -8.671680450439453125e+00
2.706523304616141080e-03 -8.645668983459472656e+00
2.708304265440167596e-03 -8.629038810729980469e+00
2.709716834273239068e-03 -8.621901512145996094e+00
2.710755553520051864e-03 -8.624243736267089844e+00
2.711418630129241916e-03 -8.636032104492187500e+00
2.711707926110990680e-03 -8.657222747802734375e+00
2.711628956626626653e-03 -8.687755584716796875e+00
2.711190895551184900e-03 -8.727552413940429688e+00
2.710406588253485259e-03 -8.776515007019042969e+00
2.709292571198064405e-03 -8.834527015686035156e+00
2.707869097817626729e-03 -8.901441574096679688e+00
2.706160169943238290e-03 -8.977087020874023438e+00
2.704193573903193332e-03 -9.061252593994140625e+00
2.702000920226346053e-03 -9.153692245483398438e+00
2.699617685664373878e-03 -9.254113197326660156e+00
2.697083256055498712e-03 -9.362171173095703125e+00
2.694440968307938375e-03 -9.477462768554687500e+00
2.691738149534143257e-03 -9.599521636962890625e+00
2.689026151124959511e-03 -9.727807044982910156e+00
2.686360375268401907e-03 -9.861700057983398438e+00
2.683800291179185872e-03 -1.000049209594726562e+01
2.681409438016101304e-03 -1.014338493347167969e+01
2.679255411244424543e-03 -1.028947925567626953e+01
2.677409828978174686e-03 -1.043777084350585938e+01
2.675948274664075813e-03 -1.058714866638183594e+01
2.674950212368271130e-03 -1.073639202117919922e+01
2.674498870896918797e-03 -1.088417434692382812e+01
2.674681093059226057e-03 -1.102906036376953125e+01
2.675587146582805026e-03 -1.116952133178710938e+01
2.677310493544890306e-03 -1.130393981933593750e+01
2.679947515681365463e-03 -1.143062305450439453e+01
2.683597193651626658e-03 -1.154782867431640625e+01
2.688360739190357677e-03 -1.165377998352050781e+01
2.694341180170374984e-03 -1.174669742584228516e+01
2.701642899822869620e-03 -1.182482719421386719e+01
2.710371132765146147e-03 -1.188647651672363281e+01
2.720631421987643444e-03 -1.193004608154296875e+01
2.732529042499295784e-03 -1.195407295227050781e+01
2.746168398886860828e-03 -1.195726299285888672e+01
