2.047754066907835763e-03 -1.295571804046630859e+00
2.047754066907835763e-03 -1.239990592002868652e+00
2.059335387615211874e-03 -1.178985357284545898e+00
2.070736834990578087e-03 -1.119936704635620117e+00
2.081956859137901704e-03 -1.062747478485107422e+00
2.092993994045872982e-03 -1.007325172424316406e+00
2.103846854081352011e-03 -9.535821080207824707e-01
2.114514130690789851e-03 -9.014344811439514160e-01
2.124994589290908013e-03 -8.508026599884033203e-01
2.135287066347427588e-03 -8.016109466552734375e-01
2.145390466620941163e-03 -7.537869811058044434e-01
2.155303760579685077e-03 -7.072619795799255371e-01
2.165025981965269190e-03 -6.619701981544494629e-01
2.174556225502507958e-03 -6.178489923477172852e-01
2.183893644749686485e-03 -5.748385190963745117e-01
2.193037450075815704e-03 -5.328816175460815430e-01
2.201986906765658180e-03 -4.919236302375793457e-01
2.210741333237270685e-03 -4.519122242927551270e-01
2.219300099374292221e-03 -4.127974212169647217e-01
2.227662624962145448e-03 -3.745312094688415527e-01
2.235828378222554438e-03 -3.370677232742309570e-01
2.243796874448456512e-03 -3.003628551959991455e-01
2.251567674724137998e-03 -2.643742859363555908e-01
2.259140384733747658e-03 -2.290614098310470581e-01
2.266514653654742601e-03 -1.943851411342620850e-01
2.273690173125112422e-03 -1.603078842163085938e-01
2.280666676290244495e-03 -1.267934441566467285e-01
2.287443936918999964e-03 -9.380690008401870728e-02
2.294021768590595936e-03 -6.131460145115852356e-02
2.300400023944777772e-03 -2.928402461111545563e-02
2.306578593999629532e-03 2.316256286576390266e-03
2.312557407526942554e-03 3.351665288209915161e-02
2.318336430487691335e-03 6.434661895036697388e-02
2.323915665525666443e-03 9.483471512794494629e-02
2.329295151512689004e-03 1.250086724758148193e-01
2.334474963151060654e-03 1.548953950405120850e-01
2.339455210623479428e-03 1.845211237668991089e-01
2.344236039296859146e-03 2.139113545417785645e-01
2.348817629470300542e-03 2.430909872055053711e-01
2.353200196175231178e-03 2.720842957496643066e-01
2.357383989019240424e-03 3.009150624275207520e-01
2.361369292072853631e-03 3.296064734458923340e-01
2.365156423807159274e-03 3.581813573837280273e-01
2.368745737068283803e-03 3.866620063781738281e-01
2.372137619098270769e-03 4.150703847408294678e-01
2.375332491597759860e-03 4.434280693531036377e-01
2.378330810829175183e-03 4.717563390731811523e-01
2.381133067762998459e-03 5.000761151313781738e-01
2.383739788262041314e-03 5.284081697463989258e-01
2.386151533310048450e-03 5.567728877067565918e-01
2.388368899276905634e-03 5.851905941963195801e-01
2.390392518226693627e-03 6.136813759803771973e-01
2.392223058265644658e-03 6.422651410102844238e-01
2.393861223926952667e-03 6.709616184234619141e-01
2.395307756601833867e-03 6.997906565666198730e-01
2.396563435004606113e-03 7.287718057632446289e-01
2.397629075683076639e-03 7.579246163368225098e-01
2.398505533566261481e-03 7.872686386108398438e-01
2.399193702556414072e-03 8.168234229087829590e-01
2.399694516159098928e-03 8.466085195541381836e-01
2.400008948158558961e-03 8.766434788703918457e-01
2.400138013332434560e-03 9.069479107856750488e-01
2.400082768210998717e-03 9.375414848327636719e-01
2.399844311880592034e-03 9.684440493583679199e-01
2.399423786828737935e-03 9.996753931045532227e-01
2.398822379836340005e-03 1.031255602836608887e+00
2.398041322914315574e-03 1.063204765319824219e+00
2.397081894286702541e-03 1.095543146133422852e+00
2.395945419421229537e-03 1.128291368484497070e+00
2.394633272106120366e-03 1.161469817161560059e+00
2.393146875578978754e-03 1.195099592208862305e+00
2.391487703703116911e-03 1.229201436042785645e+00
2.389657282193055707e-03 1.263796925544738770e+00
2.387657189896117554e-03 1.298907399177551270e+00
2.385489060123541314e-03 1.334554553031921387e+00
2.383154582035228782e-03 1.370760440826416016e+00
2.380655502081387934e-03 1.407547235488891602e+00
2.377993625498062320e-03 1.444937586784362793e+00
2.375170817860211645e-03 1.482954025268554688e+00
2.372189006694052239e-03 1.521619796752929688e+00
2.369050183146199310e-03 1.560958027839660645e+00
2.365756403714184154e-03 1.600992441177368164e+00
2.362309792040741957e-03 1.641746759414672852e+00
2.358712540762829702e-03 1.683245301246643066e+00
2.354966913434781376e-03 1.725512266159057617e+00
2.351075246506208454e-03 1.768572330474853516e+00
2.347039951369373888e-03 1.812450408935546875e+00
2.342863516472238825e-03 1.857171535491943359e+00
2.338548509499057283e-03 1.902761101722717285e+00
2.334097579615139560e-03 1.949244618415832520e+00
2.329513459783386781e-03 1.996647834777832031e+00
2.324798969148309663e-03 2.044996500015258789e+00
2.319957015485187013e-03 2.094316720962524414e+00
2.314990597726291916e-03 2.144634246826171875e+00
2.309902808546116740e-03 2.195975542068481445e+00
2.304696837022977146e-03 2.261014938354492188e+00
2.299375971366415892e-03 2.516373634338378906e+00
2.293904748265921702e-03 2.923481225967407227e+00
2.287717473315342524e-03 3.345604419708251953e+00
2.280405563117965124e-03 3.781461954116821289e+00
2.271999978344301212e-03 4.232951641082763672e+00
2.262549350210475620e-03 4.701946258544921875e+00
2.252109165281822051e-03 5.190292358398437500e+00
2.240742161108008439e-03 5.699786186218261719e+00
2.228518764796834015e-03 6.232141494750976562e+00
2.215517572475640858e-03 6.788947105407714844e+00
2.201825866259323090e-03 7.371614456176757812e+00
2.187540163552812323e-03 7.981307506561279297e+00
2.172766791285276038e-03 8.618861198425292969e+00
2.157622474758264484e-03 9.284681320190429688e+00
2.142234927279993914e-03 9.978626251220703125e+00
2.126743422498641057e-03 1.069987297058105469e+01
2.111299326372570971e-03 1.144676399230957031e+01
2.096066560076405121e-03 1.221664810180664062e+01
2.081221959007375100e-03 1.300570678710937500e+01
2.066955486680799488e-03 1.380879592895507812e+01
2.053470256227455867e-03 1.461929702758789062e+01
2.040982307019708480e-03 1.542900753021240234e+01
2.029720080687423805e-03 1.622809600830078125e+01
2.019923540435009969e-03 1.700513076782226562e+01
2.011842881566481937e-03 1.774722290039062500e+01
2.005736790643414605e-03 1.831698799133300781e+01
2.001870226932535475e-03 1.822270202636718750e+01
2.000421373331839892e-03 1.789072036743164062e+01
2.001069260787291786e-03 1.751651573181152344e+01
2.003562629586666619e-03 1.710797691345214844e+01
2.007757396616718839e-03 1.667187500000000000e+01
2.013509421718095906e-03 1.621473312377929688e+01
2.020675634707461924e-03 1.574269199371337891e+01
2.029115068151965146e-03 1.526140880584716797e+01
2.038689750257294438e-03 1.477599143981933594e+01
2.049265454974370446e-03 1.429096221923828125e+01
2.060712311935864859e-03 1.381025218963623047e+01
2.072905283185013953e-03 1.333720779418945312e+01
2.085724516784623079e-03 1.287462711334228516e+01
2.099055589479530137e-03 1.242478847503662109e+01
2.112789651655321618e-03 1.198950576782226562e+01
2.126823488189400271e-03 1.157017326354980469e+01
2.141059508483543743e-03 1.116781806945800781e+01
2.155405678271192678e-03 1.078315067291259766e+01
2.169775404753573628e-03 1.041661167144775391e+01
2.184087385478482388e-03 1.006841659545898438e+01
2.198265430078990244e-03 9.738595962524414062e+00
2.212238262790535044e-03 9.427030563354492188e+00
2.225939312415687633e-03 9.133482933044433594e+00
2.239306495349905127e-03 8.857627868652343750e+00
2.252281996227424414e-03 8.599069595336914062e+00
2.264812049903245760e-03 8.357369422912597656e+00
2.276846727681633171e-03 8.132059097290039062e+00
2.288339730065433366e-03 7.911621570587158203e+00
2.299248187723687553e-03 7.582431316375732422e+00
2.309566607007689214e-03 7.189009666442871094e+00
2.319627301318735475e-03 6.806488990783691406e+00
2.329586604186827982e-03 6.435549259185791016e+00
2.339361065595957356e-03 6.076280593872070312e+00
2.348868891675800954e-03 5.728617668151855469e+00
2.358033509440534293e-03 5.392354011535644531e+00
2.366783364120880057e-03 5.067166805267333984e+00
2.375051708914477887e-03 4.752637386322021484e+00
2.382776391853935229e-03 4.448266983032226562e+00
2.389899643615108274e-03 4.153495311737060547e+00
2.396367869384824056e-03 3.867708921432495117e+00
2.402131447263751267e-03 3.590254068374633789e+00
2.407144535156415226e-03 3.320443630218505859e+00
2.411364887636670805e-03 3.057563304901123047e+00
2.414753683942495906e-03 2.800877094268798828e+00
2.417275367922481523e-03 2.549628973007202148e+00
2.418897500564592528e-03 2.303045988082885742e+00
2.419590625531385045e-03 2.060337781906127930e+00
2.419328148029369248e-03 1.820697307586669922e+00
2.418086227225179057e-03 1.583298444747924805e+00
2.415843682396050240e-03 1.347294449806213379e+00
2.412581912978023057e-03 1.111814498901367188e+00
2.408284832677996118e-03 8.744750022888183594e-01
2.402938817844501619e-03 6.280745267868041992e-01
2.396532363139350450e-03 3.767378330230712891e-01
2.389054975478807370e-03 1.218771189451217651e-01
2.380499574929364429e-03 -1.376244127750396729e-01
2.370862211212458603e-03 -4.029455780982971191e-01
2.360141610655144134e-03 -6.753340363502502441e-01
2.348339224987987077e-03 -9.561154246330261230e-01
2.335459300615700100e-03 -1.246703028678894043e+00
2.321508969386341503e-03 -1.548608064651489258e+00
2.306498362311267935e-03 -1.863451361656188965e+00
2.290440747960298222e-03 -2.192974805831909180e+00
2.273352697450909711e-03 -2.539053440093994141e+00
2.255254278217594301e-03 -2.903708219528198242e+00
2.236169279021234160e-03 -3.289118289947509766e+00
2.216125468877376808e-03 -3.697632789611816406e+00
2.195154892882152271e-03 -4.131781578063964844e+00
