3.396903954666635403e-03 2.495083808898925781e+00
3.396903954666635403e-03 2.172419786453247070e+00
3.436136845918862960e-03 1.843663930892944336e+00
3.472724541450728387e-03 1.536456823348999023e+00
3.506591136528626820e-03 1.247707247734069824e+00
3.537672900895141859e-03 9.746226668357849121e-01
3.565917209723099609e-03 7.146681547164916992e-01
3.591281651924693036e-03 4.655280113220214844e-01
3.613733296108308495e-03 2.250713706016540527e-01
3.633248097592745897e-03 -8.679172024130821228e-03
3.649810432682282658e-03 -2.375759929418563843e-01
3.663412748973024231e-03 -4.633721709251403809e-01
3.674055322741223359e-03 -6.877449750900268555e-01
3.681746116549259457e-03 -9.123172163963317871e-01
3.686500732052801731e-03 -1.138677239418029785e+00
3.688342454728654306e-03 -1.368396878242492676e+00
3.687302388775647900e-03 -1.603047966957092285e+00
3.683419681902122284e-03 -1.844218611717224121e+00
3.676741841024120869e-03 -2.093525886535644531e+00
3.667325141136862105e-03 -2.352630138397216797e+00
3.655235130732566434e-03 -2.623243570327758789e+00
3.640547238133464390e-03 -2.907141208648681641e+00
3.623347483954405916e-03 -3.202741622924804688e+00
3.603733305539682553e-03 -3.498094320297241211e+00
3.582302845562346585e-03 -3.798759937286376953e+00
3.561123329353484829e-03 -4.105311870574951172e+00
3.540805541038057405e-03 -4.416289329528808594e+00
3.521484170320038094e-03 -4.730472087860107422e+00
3.503303987217703998e-03 -5.046391010284423828e+00
3.486419675483429324e-03 -5.362312316894531250e+00
3.470995546987933836e-03 -5.676231384277343750e+00
3.457205119601602580e-03 -5.985871791839599609e+00
3.445230541838191583e-03 -6.288695812225341797e+00
3.435261849269072385e-03 -6.581926822662353516e+00
3.427496040641753346e-03 -6.862584114074707031e+00
3.422135965884454643e-03 -7.127535343170166016e+00
3.419389023817789430e-03 -7.373560905456542969e+00
3.419465674397886065e-03 -7.597433567047119141e+00
3.422577778491996126e-03 -7.796012401580810547e+00
3.428936787250874783e-03 -7.966341972351074219e+00
3.438751812556562273e-03 -8.105759620666503906e+00
3.452227619195586284e-03 -8.211998939514160156e+00
3.469562587551813446e-03 -8.283285140991210938e+00
3.490946701965351711e-03 -8.318419456481933594e+00
3.516559623685700572e-03 -8.316839218139648438e+00
3.546568907992023092e-03 -8.278654098510742188e+00
3.581128422156092898e-03 -8.204803466796875000e+00
3.620377014483575941e-03 -8.203146934509277344e+00
3.664429123919561108e-03 -8.512352943420410156e+00
3.708071616972940035e-03 -8.967505455017089844e+00
3.737203903354597428e-03 -9.565217971801757812e+00
3.750110330345095104e-03 -1.032458209991455078e+01
3.747685180497348570e-03 -1.126420688629150391e+01
3.731018945860404765e-03 -1.240713500976562500e+01
3.701442244397847112e-03 -1.377945327758789062e+01
3.660580198141815539e-03 -1.540758800506591797e+01
3.610418289042079554e-03 -1.731335067749023438e+01
3.553379583633540541e-03 -1.950553131103515625e+01
3.492410759059331061e-03 -2.196687316894531250e+01
3.431069784792698842e-03 -2.463626480102539062e+01
3.373600624296177724e-03 -2.738796806335449219e+01
3.324969800608412133e-03 -2.921904945373535156e+01
3.290828191306154494e-03 -2.831098747253417969e+01
3.276583723687911259e-03 -2.659957885742187500e+01
3.281212595853585587e-03 -2.468736457824707031e+01
3.299603089004978645e-03 -2.274166679382324219e+01
3.326913523563363156e-03 -2.088446998596191406e+01
3.358781256016899874e-03 -1.919363975524902344e+01
3.391393157435874592e-03 -1.771198081970214844e+01
3.421492626153220355e-03 -1.645817947387695312e+01
3.446347531433801691e-03 -1.543659782409667969e+01
3.463698900930822864e-03 -1.464489173889160156e+01
3.471704048423198546e-03 -1.407954406738281250e+01
3.468882515231337584e-03 -1.373987579345703125e+01
3.454069417489880490e-03 -1.356248760223388672e+01
3.427781062928412885e-03 -1.339070510864257812e+01
3.402317839620439335e-03 -1.315285682678222656e+01
3.384103395405914459e-03 -1.283138656616210938e+01
3.372600932651679748e-03 -1.243780994415283203e+01
3.367178765766427884e-03 -1.198499107360839844e+01
3.367190286585549069e-03 -1.148606681823730469e+01
3.371984869646630061e-03 -1.095374774932861328e+01
3.380917698992466549e-03 -1.039978694915771484e+01
3.393358208921978640e-03 -9.834621429443359375e+00
3.408696982456574983e-03 -9.267170906066894531e+00
3.426351083078611488e-03 -8.704773902893066406e+00
3.445767897780590075e-03 -8.153234481811523438e+00
3.466427639646707352e-03 -7.616930484771728516e+00
3.487844698224672451e-03 -7.098976135253906250e+00
3.509568041081649169e-03 -6.601392745971679688e+00
3.531180866549543575e-03 -6.125290393829345703e+00
3.552299692001336523e-03 -5.671035766601562500e+00
3.572573039443178219e-03 -5.238400936126708984e+00
3.591679854849718755e-03 -4.826698303222656250e+00
3.609327772396373705e-03 -4.434885501861572266e+00
3.625251311358945044e-03 -4.061658382415771484e+00
3.639210072936961086e-03 -3.705518960952758789e+00
3.650986986987808918e-03 -3.364827871322631836e+00
3.660386644601119292e-03 -3.037844657897949219e+00
3.667233741395180702e-03 -2.823919534683227539e+00
3.671371647987082924e-03 -3.020572662353515625e+00
3.672760359747440778e-03 -3.324873447418212891e+00
3.671765518534794975e-03 -3.638271570205688477e+00
3.668606761163645605e-03 -3.961908340454101562e+00
3.663435250315223886e-03 -4.296863555908203125e+00
3.656418911588248718e-03 -4.644058704376220703e+00
3.647743436396600879e-03 -5.004220962524414062e+00
3.637613343113862887e-03 -5.377836704254150391e+00
3.626253075043888059e-03 -5.765096187591552734e+00
3.613908107190233129e-03 -6.165828227996826172e+00
3.600846025808118658e-03 -6.579426765441894531e+00
3.587357535310577335e-03 -7.004764556884765625e+00
3.573757336448501760e-03 -7.440110206604003906e+00
3.560384808070726423e-03 -7.883034706115722656e+00
3.547604412889588180e-03 -8.330332756042480469e+00
3.535805736373859830e-03 -8.777952194213867188e+00
3.525403058629683010e-03 -9.220953941345214844e+00
3.516834353633402008e-03 -9.653506278991699219e+00
3.510559610663689656e-03 -1.006893348693847656e+01
3.507058381693444610e-03 -1.045982837677001953e+01
3.506826478193420405e-03 -1.081824111938476562e+01
3.510371773225883039e-03 -1.113594245910644531e+01
3.518209110695944171e-03 -1.141528987884521484e+01
3.530854382280449420e-03 -1.174837684631347656e+01
3.546367965781944357e-03 -1.220002937316894531e+01
3.553831369991006933e-03 -1.280643081665039062e+01
3.550612408094842940e-03 -1.358533573150634766e+01
3.537622825635621752e-03 -1.454539299011230469e+01
3.515985745324577347e-03 -1.569530296325683594e+01
3.487068501087712408e-03 -1.704085540771484375e+01
3.452521346998106960e-03 -1.858062171936035156e+01
3.414319953970314063e-03 -2.029995346069335938e+01
3.374808289109084303e-03 -2.216333961486816406e+01
3.336735842122630271e-03 -2.410588264465332031e+01
3.303279654044437644e-03 -2.602613639831542969e+01
3.278037729578344925e-03 -2.778013038635253906e+01
3.264977589875358698e-03 -2.840695190429687500e+01
3.268316236334051997e-03 -2.694990348815917969e+01
3.289848590796348640e-03 -2.512394523620605469e+01
3.324105065386000375e-03 -2.331829261779785156e+01
3.366603718442200827e-03 -2.163112258911132812e+01
3.413814601703672822e-03 -2.011961746215820312e+01
3.462702014271748941e-03 -1.881291389465332031e+01
3.510721028816022986e-03 -1.772124671936035156e+01
3.555788402464754062e-03 -1.684356307983398438e+01
3.596242026503052719e-03 -1.617310905456542969e+01
3.630798437428355008e-03 -1.570120620727539062e+01
3.658514110142210320e-03 -1.541303920745849609e+01
3.678753592828845360e-03 -1.505557250976562500e+01
3.691251333926716133e-03 -1.450986003875732422e+01
3.698879838024862147e-03 -1.403421115875244141e+01
3.704747479771538458e-03 -1.363931369781494141e+01
3.708106322125415393e-03 -1.333052730560302734e+01
3.708107610100259792e-03 -1.311284065246582031e+01
3.704053032542083731e-03 -1.299064445495605469e+01
3.695387859510139775e-03 -1.296836662292480469e+01
3.681695312084961192e-03 -1.305099391937255859e+01
3.662692789135336014e-03 -1.324446201324462891e+01
3.638230429543934386e-03 -1.355594730377197266e+01
3.608292398566412436e-03 -1.399402141571044922e+01
3.573001236505147192e-03 -1.456865310668945312e+01
3.532625576328537152e-03 -1.529096984863281250e+01
3.487591498840274598e-03 -1.617268180847167969e+01
3.438497715570168652e-03 -1.722498703002929688e+01
3.386134603141496661e-03 -1.845672798156738281e+01
3.331506791889718433e-03 -1.987155342102050781e+01
3.275858446960932223e-03 -2.146380043029785156e+01
3.220699465545248229e-03 -2.321300125122070312e+01
3.167829449743043198e-03 -2.507730102539062500e+01
3.119354470632807862e-03 -2.698684120178222656e+01
3.077689473634521132e-03 -2.883920288085937500e+01
3.045537210465807179e-03 -3.050023651123046875e+01
3.025833870040480107e-03 -3.181385421752929688e+01
3.021653662928468643e-03 -3.262285232543945312e+01
3.036070987110151085e-03 -3.236997222900390625e+01
3.071989694096896508e-03 -3.001210594177246094e+01
3.129775994909415274e-03 -2.725102424621582031e+01
3.200393896913536658e-03 -2.471352958679199219e+01
3.277694957210992160e-03 -2.248941802978515625e+01
3.357921073280304390e-03 -2.060071563720703125e+01
3.438014449942082378e-03 -1.903906440734863281e+01
3.515552882950019435e-03 -1.778097724914550781e+01
3.588671907623038667e-03 -1.679751586914062500e+01
3.655989293659794945e-03 -1.605974578857421875e+01
3.716539498466081386e-03 -1.554141902923583984e+01
3.769720900053841195e-03 -1.521996307373046875e+01
3.815256060667218153e-03 -1.505673313140869141e+01
3.853164066018851912e-03 -1.373640918731689453e+01
3.883762293130642827e-03 -1.049364852905273438e+01
3.907745006193520318e-03 -7.274609565734863281e+00
3.921607238078799428e-03 -4.205421924591064453e+00
3.919553768737385480e-03 -1.180120468139648438e+00
3.897521490162147561e-03 1.943645477294921875e+00
3.853195276484179099e-03 5.340836524963378906e+00
