-0.192698
-0.192698
-0.388773
-0.586817
-0.792450
-1.005620
-1.231008
-1.463853
-1.728130
-1.994503
-2.293675
-2.621865
-2.983354
-3.383106
-3.826701
-4.352473
-4.898235
-5.556596
-6.300723
-7.137112
-8.069617
-9.180577
-10.350067
-11.678598
-13.050428
-14.471003
-15.770533
-16.883993
-17.640993
-17.895419
-17.686312
-16.992891
-15.902635
-14.620226
-13.205937
-11.825050
-10.489686
-9.297612
-8.182490
-7.245072
-6.373910
-5.643387
-4.966832
-4.400573
-3.880583
-3.431323
-3.026421
-2.660465
-2.328430
-2.025711
-1.750031
-1.498555
-1.251114
-1.033264
-0.812124
-0.611718
-0.408087
-0.214783
-0.020822
0.171805
0.367423
0.563612
0.772312
0.978872
1.208462
1.439277
1.690455
1.971438
2.259329
2.583774
2.940925
3.335689
3.785687
4.280322
4.842556
5.479406
6.213183
7.038510
7.965225
9.051623
10.218184
11.529749
12.900682
14.317139
15.636965
16.765707
17.596972
17.889683
17.721272
17.098622
16.032919
14.772263
13.354586
11.975937
10.629406
9.418427
8.304857
7.337924
6.462947
5.711455
5.047931
4.449945
3.936910
3.483423
3.064073
2.695673
2.367079
2.058806
1.777132
1.522744
1.281416
1.052071
0.839560
0.630442
0.431310
0.235479
0.235479
